%YAML:1.0
thresholdStep: 10.
minThreshold: 50.
maxThreshold: 220.
minRepeatability: 2
minDistBetweenBlobs: 10.
filterByColor: 1
blobColor: 0
filterByArea: 1
minArea: 25.
maxArea: 5000.
filterByCircularity: 0
minCircularity: 8.0000001192092896e-01
maxCircularity: 3.4028234663852886e+38
filterByInertia: 1
minInertiaRatio: 1.0000000149011612e-01
maxInertiaRatio: 3.4028234663852886e+38
filterByConvexity: 1
minConvexity: 9.4999998807907104e-01
maxConvexity: 3.4028234663852886e+38
